Best val NMSE: 0.513316
Test NMSE: 1.172690
r_min: 0.821040961133368
r_max: 0.9132260658863967
alpha: 3.4323613679721308
leaky_rate: 0.863604469565762
ridge: 0.004034962750792787
noise: 1.861765707324321e-06
input_scaling: 3.524644820730585
feedback_scaling: 0.18899598639366988
