Best val NMSE: 0.266496
Test NMSE: 0.430004
spectral_radius: 0.9993760476875644
sparsity: 0.9697222820893018
leaky_rate: 0.7987598599205421
ridge: 0.003233351093667637
noise: 2.9058065540337763e-06
input_scaling: 1.9736136546215963
feedback_scaling: 0.2014487190977695
