Best val NMSE: 0.574033
Test NMSE: 0.802355
r_min: 0.3732006424935198
r_max: 0.4069168776223474
alpha: 5.1827278792150135
leaky_rate: 0.4877105169725383
ridge: 6.999627070965685e-05
noise: 8.598794987393125e-06
input_scaling: 1.1417354707496754
feedback_scaling: 0.03370200129853672
